-- Sistema anti-detecção avançado
local antiDetect = {
    -- Função para simular atrasos aleatórios
    randomDelay = function(min, max)
        wait(math.random(min * 10, max * 10) / 10)
    end,

    -- Função para ofuscar o nome do script
    obfuscateScript = function()
        local randomString = ""
        for i = 1, 20 do
            randomString = randomString .. string.char(math.random(65, 90))
        end
        script.Name = randomString
    end,

    -- Função para simular atividade humana
    simulateHumanActivity = function()
        local randomX = math.random(-5, 5)
        local randomY = math.random(-5, 5)
        local randomZ = math.random(-5, 5)
        local player = game:GetService("Players").LocalPlayer
        if player and player.Character and player.Character.HumanoidRootPart then
            player.Character.HumanoidRootPart.CFrame = player.Character.HumanoidRootPart.CFrame * CFrame.new(randomX, randomY, randomZ)
            antiDetect.randomDelay(1, 3)
        end
    end,

    -- Função principal para executar o anti-detecção
    run = function()
        antiDetect.obfuscateScript()
        while true do
            antiDetect.simulateHumanActivity()
            antiDetect.randomDelay(5, 10)
        end
    end
}

-- Executar o sistema anti-detecção em uma nova thread
spawn(antiDetect.run)

-- Resto do seu script...
local player = game:GetService("Players").LocalPlayer
if not player then return end

local World1, World2, World3 = false, false, false

if game.PlaceId == 2753915549 then
    World1 = true
elseif game.PlaceId == 4442272183 then
    World2 = true
elseif game.PlaceId == 7449423635 then
    World3 = true
else
    player:Kick("Do not Support, Please wait...")
    return
end

local MyLevel, Mon, LevelQuest, NameQuest, NameMon, CFrameQuest, CFrameMon

function CheckQuest()
    MyLevel = player.Data.Level.Value
    if World1 then
        if MyLevel >= 1 and MyLevel <= 9 then
            Mon = "Bandit"
            LevelQuest = 1
            NameQuest = "BanditQuest1"
            NameMon = "Bandit"
            CFrameQuest = CFrame.new(1059.37195, 15.4495068, 1550.4231, 0.939700544, -0, -0.341998369, 0, 1, -0, 0.341998369, 0, 0.939700544)
            CFrameMon = CFrame.new(1045.962646484375, 27.00250816345215, 1560.8203125)
        elseif MyLevel >= 10 and MyLevel <= 14 then
            Mon = "Monkey"
            LevelQuest = 1
            NameQuest = "JungleQuest"
            NameMon = "Monkey"
            CFrameQuest = CFrame.new(-1598.08911, 35.5501175, 153.377838, 0, 0, 1, 0, 1, -0, -1, 0, 0)
            CFrameMon = CFrame.new(-1448.51806640625, 67.85301208496094, 11.46579647064209)
        elseif MyLevel >= 15 and MyLevel <= 29 then
            Mon = "Gorilla"
            LevelQuest = 2
            NameQuest = "JungleQuest"
            NameMon = "Gorilla"
            CFrameQuest = CFrame.new(-1598.08911, 35.5501175, 153.377838, 0, 0, 1, 0, 1, -0, -1, 0, 0)
            CFrameMon = CFrame.new(-1129.8836669921875, 40.46354675292969, -525.4237060546875)
        elseif MyLevel >= 30 and MyLevel <= 39 then
            Mon = "Pirate"
            LevelQuest = 1
            NameQuest = "BuggyQuest1"
            NameMon = "Pirate"
            CFrameQuest = CFrame.new(-1141.07483, 4.10001802, 3831.5498, 0.965929627, -0, -0.258804798, 0, 1, -0, 0.258804798, 0, 0.965929627)
            CFrameMon = CFrame.new(-1103.513427734375, 13.752052307128906, 3896.091064453125)
        elseif MyLevel >= 40 and MyLevel <= 59 then
            Mon = "Brute"
            LevelQuest = 2
            NameQuest = "BuggyQuest1"
            NameMon = "Brute"
            CFrameQuest = CFrame.new(-1141.07483, 4.10001802, 3831.5498, 0.965929627, -0, -0.258804798, 0, 1, -0, 0.258804798, 0, 0.965929627)
            CFrameMon = CFrame.new(-1140.083740234375, 14.809885025024414, 4322.92138671875)
        elseif MyLevel >= 60 and MyLevel <= 74 then
            Mon = "Desert Bandit"
            LevelQuest = 1
            NameQuest = "DesertQuest"
            NameMon = "Desert Bandit"
            CFrameQuest = CFrame.new(894.488647, 5.14000702, 4392.43359, 0.819155693, -0, -0.573571265, 0, 1, -0, 0.573571265, 0, 0.819155693)
            CFrameMon = CFrame.new(924.7998046875, 6.44867467880249, 4481.5859375)
        elseif MyLevel >= 75 and MyLevel <= 89 then
            Mon = "Desert Officer"
            LevelQuest = 2
            NameQuest = "DesertQuest"
            NameMon = "Desert Officer"
            CFrameQuest = CFrame.new(894.488647, 5.14000702, 4392.43359, 0.819155693, -0, -0.573571265, 0, 1, -0, 0.573571265, 0, 0.819155693)
            CFrameMon = CFrame.new(1608.2822265625,
